X 1 110000001111010110
Z 5 110000001111010111
0 6 11000000111101000
9 6 11000000111101001
7 6 11000000111101010
8 7 0001001010011010
6 10 0001001010011011
3 16 000100101001010
4 16 000100101001011
5 17 000100101001100
) 18 000100101001110
( 18 000100101001111
2 18 110000001111000
1 19 110000001111001
V 28 110000001111011
* 30 00010010100100
U 99 1100000011111
K 102 000100101000
: 133 000100101010
F 157 000100101011
G 185 110000001110
P 193 110100100000
R 198 110100100001
O 309 10010100110
N 310 10010100111
J 321 11000000110
Y 426 11010010001
? 462 0001001000
! 499 0001001001
j 552 0001001011
A 559 1001010000
D 591 1001010001
S 598 1001010010
q 638 1100000000
C 647 1100000001
W 676 1100000010
' 746 1100000100
L 786 1100000101
x 838 1101001001
H 843 1101001010
T 916 1101001011
E 926 000100010
z 931 000100011
B 1082 000100110
- 1116 000100111
; 1538 110000011
M 1781 00010000
I 2652 10010101
k 3105 11010000

 3166 11010001
" 3524 11010011
v 5695 1001011
. 6175 1100001
b 8004 000101
p 8032 000110
, 9123 000111
g 9844 100100
w 11620 101010
f 11837 101011
y 12271 110001
c 12810 110010
m 12973 110011
u 14876 110101
l 20797 10011
d 21704 10100
r 32091 11011
s 32503 0000
h 33211 0010
i 35157 0011
n 37360 0110
o 39711 0111
a 41125 1000
t 45704 1011
e 68419 010
  121569 111
